time,x,y,z,phi,theta,psi,x_velocity,y_velocity,z_velocity,phi_velocity,theta_velocity,psi_velocity,rotor_speed1,rotor_speed2,rotor_speed3,rotor_speed4
0.06,-8.2459909803e-07,-8.50692134377e-08,10.0040670011,6.28303836574,0.000606019126399,0.0,-6.56098526748e-05,-1.01647606091e-05,0.135559482478,-0.00786260690949,0.0250655720473,0.0,447.4520019694246,449.48749699256416,447.92941119201623,447.2897141172315
0.12000000000000001,-2.28831409279e-05,-5.02551700955e-06,10.0150643673,6.28297985498,0.00175264599633,0.0,-0.000807989879852,-0.000178655063274,0.231004059211,0.0101089408757,0.00322672140203,0.0,437.0409364533466,435.2171925273774,434.07893607033895,435.5842102778929
0.18,-0.000112551792951,-1.68434483946e-05,10.0342807142,0.0010973698955,0.0019781616843,0.0,-0.00220471693688,-9.92627709218e-05,0.409493143992,0.0382992757806,0.00480173385171,0.0,461.4368058878115,461.5610302567375,459.80670795877063,462.0342347075254
0.23999999999999996,-0.000293881604876,1.3894317808e-05,10.0653490598,0.00311242967116,0.00190296475897,0.0,-0.00385706843648,0.00138357330278,0.626024007901,0.0219212508275,-0.017514204974,0.0,473.84453409051775,472.1261859502153,472.92148676387257,471.6588496931875
0.3,-0.000559650638804,0.000164350580631,10.105369699,0.00430365603862,0.000818397212616,0.0,-0.00489578830936,0.00375631820554,0.707949379633,0.0153604953464,-0.0192242555863,0.0,431.728676997067,431.5844423666667,431.71758626188347,431.16372045412817
0.36000000000000004,-0.000868250667245,0.00048989512421,10.1525843772,0.00487515083805,0.000509392492873,0.0,-0.00532004924076,0.00718140667309,0.865766252498,-0.00592056908591,0.013871126893,0.0,453.8817057107037,456.52975509897914,456.4664581642996,454.7651769808025
0.4200000000000001,-0.00119977190449,0.0010103761647,10.2055053825,0.00449464259606,0.00126454544944,0.0,-0.00580379156851,0.0101340005199,0.898242171547,-0.00719789723594,0.00988290845244,0.0,415.36485638392764,415.0148865893583,416.27286969151675,416.16119467368213
0.48000000000000015,-0.00157928471737,0.00171518848991,10.263679281,0.00394848481653,0.00262782385438,0.0,-0.00696088328046,0.0133065764981,1.04076857176,-0.0132137236489,0.0405560183727,0.0,450.629646833448,453.1020598996505,450.42296116780346,449.9363662292858
0.5400000000000001,-0.00206465454344,0.00259722024843,10.3304938399,0.0029326434942,0.00490780764986,0.0,-0.00947453876593,0.0159970097477,1.18624296182,-0.0256537233931,0.0323237361026,0.0,452.84283332135885,452.1808821679223,452.3825593860862,451.37994020206133
0.6000000000000002,-0.00274419182117,0.00361316502014,10.4050740646,0.00171714244986,0.0069798535837,0.0,-0.0133849631633,0.0177260564564,1.2996413788,-0.0112075961988,0.038623225855,0.0,442.2579039259229,442.776907955433,441.98078805963104,443.1696605594
0.6600000000000003,-0.00370909296053,0.00471133577242,10.4871896574,0.000856404891592,0.00878543433972,0.0,-0.0190112492746,0.018797841584,1.43738013043,-0.0215050813845,0.00163497924683,0.0,452.0346545343999,449.04464746975805,450.6632139086507,449.8302916945385
0.7200000000000003,-0.00503332053595,0.00585209467692,10.5766092343,6.28234308214,0.00842974296445,0.0,-0.0251231502997,0.019079485517,1.54313553034,-0.04758724145,-0.0287470748412,0.0,442.1438366989902,439.6339076466808,441.7390816183862,439.5828646432945
0.7800000000000004,-0.00672381801685,0.00696620602093,10.6741242318,6.27976307311,0.00658422585331,0.0,-0.0310263434882,0.0177563691459,1.70713507555,-0.0351230369881,-0.0351193177532,0.0,459.2390543282197,458.73308068305806,458.66321011363954,459.65096074888913
0.8400000000000004,-0.00871008883487,0.00795555468676,10.7789655218,6.27809758177,0.00480205850983,0.0,-0.0349910415442,0.0150384589309,1.7874527701,-0.0160591851272,-0.0206227237337,0.0,432.87076069659133,434.0885310013876,432.70523235732225,434.30673272072636
0.9000000000000005,-0.0109063606517,0.00874655577865,10.8896879852,6.27714310429,0.00370588352381,0.0,-0.0380959081577,0.0112291999601,1.90311060904,-0.0156072208824,-0.013936199876,0.0,445.0116088095152,445.55862170282774,444.6019975554417,444.639117826406
0.9600000000000005,-0.0132665393985,0.00929162664365,11.0070567106,6.27686111098,0.00320737170859,0.0,-0.0405094000499,0.00688442886274,2.00899997788,0.0111493584382,0.00107030795418,0.0,441.8614686100977,443.0968961235638,440.9999872071062,443.2045000833825
1.0200000000000005,-0.0157761535403,0.00955244064125,11.1344982318,6.27757531438,0.00294116945199,0.0,-0.043134805632,0.00189585246384,2.23863077039,0.0133703352996,-0.0187127835756,0.0,480.69511826834344,479.1937850775748,480.0041790066421,480.1725515778714
1.0800000000000005,-0.0184243495849,0.00954596004476,11.2731627395,6.27831759359,0.00160596675018,0.0,-0.045005486974,-0.00202632751217,2.38323027578,0.010294481245,-0.0304894782707,0.0,455.92948770220363,454.9876176777129,455.83781752785575,455.59183992989557
1.1400000000000006,-0.0211498955772,0.00932979965196,11.4183826678,6.27861853157,6.28287142847,0.0,-0.0456621328078,-0.00513029867091,2.45727824939,-0.00848008099754,-0.0351974101586,0.0,433.38755357434366,432.9912669593829,435.83814113908574,434.26614480557123
1.2000000000000006,-0.0238779560465,0.00894211207895,11.5652830483,6.2779764466,6.28110028507,0.0,-0.0451107069198,-0.00784110431846,2.43943920113,-0.0155619839695,-0.0200709356497,0.0,404.0990109962021,405.4598419249248,403.39463235008265,402.75473858935675
1.2600000000000007,-0.026530707686,0.00834592916123,11.7173456705,6.27700390525,6.2797327373,0.0,-0.0431679509376,-0.0121391866962,2.62889824731,-0.0175354925556,-0.0288818102501,0.0,471.40533195621066,470.7240063662935,468.88802993567055,468.73479820183707
1.3200000000000007,-0.0290485778112,0.00749529650152,11.8765925077,6.27588476351,6.27802850483,0.0,-0.0405989153583,-0.0163171333636,2.67921185487,-0.0209850907263,-0.027464887592,0.0,427.68985082920943,427.81025842214325,427.65493884926616,427.3610483859796
1.3800000000000008,-0.0313615955567,0.00634654105668,12.0422271669,6.27471085696,6.2764577844,0.0,-0.036325006077,-0.0221068887377,2.84155257923,-0.0168667065114,-0.0237232559689,0.0,463.2716026813174,463.5655960901057,462.30773531598,462.63216958619665
1.4400000000000008,-0.0333780677438,0.0048184649237,12.2183974303,6.27406304063,6.27501900404,0.0,-0.0307293881727,-0.0289178693441,3.03030708805,-0.00080680175577,-0.0244974403464,0.0,471.6910167943101,471.6311930128014,470.9782762508218,472.218862113104
1.5000000000000009,-0.0350694983413,0.00291835978079,12.4006250891,6.2739208777,6.27356745387,0.0,-0.0255216175402,-0.0344269565485,3.04391081681,-0.00569378424067,-0.0235895729038,0.0,417.88961831365015,417.96863343260645,417.75467939237626,417.3283716256046
1.560000000000001,-0.0363891185807,0.000652577871513,12.5870534523,6.27325976266,6.27231104522,0.0,-0.0183281587951,-0.0411458023406,3.17002500758,-0.0246682844783,-0.0161081804453,0.0,454.12214640066225,454.72187746336937,453.9954325543723,452.4705149265629
1.620000000000001,-0.0372579315789,-0.00202916430469,12.7804912717,6.27191611061,6.27097628629,0.0,-0.010521369144,-0.0483877084465,3.27759716311,-0.0181956224132,-0.0388173653745,0.0,449.2074775290997,447.3620374005302,449.09192916818535,449.61661772525804
1.680000000000001,-0.0376275336894,-0.00517039542287,12.9802377953,6.27089494623,6.26907926098,0.0,-0.00158909689883,-0.0564246126862,3.38031804898,-0.0147651746877,-0.0201293402669,0.0,447.55204814988224,449.07013395701074,447.46283342004114,447.7420991056755
1.740000000000001,-0.0374905512955,-0.00875797071945,13.1816446195,6.27030986509,6.26731968857,0.0,0.00626396963592,-0.06322076826,3.33337825634,-0.00124666930319,-0.0631033043389,0.0,402.03689990679595,398.123146047199,397.9345596184178,399.1702863371401
1.8000000000000012,-0.0367843404167,-0.0128084188425,13.3839827545,6.27069501487,6.26417262585,0.0,0.0176089863383,-0.0717727192073,3.41099209686,0.018501488442,-0.0368827097975,0.0,440.4337849419507,442.59512007303937,438.51837817489894,440.1557526615146
1.8600000000000012,-0.035346001287,-0.0173558106572,13.5906394275,6.27223724154,6.26184920825,0.0,0.0305515940253,-0.0796731976822,3.47736083841,0.0371947684495,-0.0426850362115,0.0,437.134049699829,436.6494736082245,437.0321047728291,438.5876220449562
1.9200000000000013,-0.0331224964512,-0.0223249243533,13.7995246674,6.27413686399,6.25934269945,0.0,0.0437886886073,-0.0857783484175,3.48545231529,0.0172935134237,-0.0400152686735,0.0,418.33690849004654,418.5682707922145,419.98836593636827,418.2590244811151
1.9800000000000013,-0.0300194799326,-0.0276451817498,14.0105791915,6.27521465037,6.25653739807,0.0,0.059886760176,-0.0914597014968,3.54949581036,0.0192696593389,-0.0657458842618,0.0,438.1803405650962,436.034406239154,437.0276468691653,437.1922770904826
2.0400000000000014,-0.02573806889,-0.033326161447,14.2310202702,6.27732107159,6.25230262611,0.0,0.0833089042429,-0.0976846630598,3.79773654234,0.055710968457,-0.082611103006,0.0,493.9723312207802,492.7236585747231,491.0179657972601,493.7144185896185
2.1000000000000014,-0.0200713199688,-0.0392973263353,14.4622476268,6.28104444381,6.24772488913,0.0,0.106062727545,-0.100983909537,3.90945176811,0.0724161252694,-0.0659769937394,0.0,453.6134172605542,454.9427302680946,453.44986751537584,454.79254642086664
2.1600000000000015,-0.0129754871419,-0.0453834266797,14.699373463,0.00252126203395,6.24351869028,0.0,0.130860022388,-0.101435561662,3.99443415727,0.0865934352622,-0.0799864993311,0.0,447.39428595632984,446.24828759743616,446.04287535469075,447.2039649952666
2.2200000000000015,-0.00427564031162,-0.0513973497983,14.9422962328,0.00744683517878,6.23905915589,0.0,0.159595033445,-0.0985066828223,4.10258668986,0.0710971953757,-0.0649049340392,0.0,454.05537612302544,455.25949865542145,455.09357317301084,453.85666317337405
2.2800000000000016,0.00628155967652,-0.0571281920114,15.1926709376,0.0112816227657,6.23543807422,0.0,0.19269277231,-0.0920823365061,4.2427026573,0.0429524359254,-0.0525250681357,0.0,463.98871959856706,464.9572293386208,466.8752934642433,464.6766294946435
2.3400000000000016,0.018916839227,-0.0623929923321,15.4517734481,0.0137281488403,6.23233217974,0.0,0.22879800883,-0.0831427952652,4.39345606735,0.0360224517132,-0.0502868775721,0.0,470.0360556411057,470.2079252084169,468.9378030257861,468.3999047153366
2.4000000000000017,0.0337553762056,-0.0670771952928,15.7193044565,0.0161483855547,6.2289607117,0.0,0.266129290202,-0.0727599016056,4.52371094569,0.0478074995277,-0.0718787238166,0.0,464.76631888336954,463.0686124728144,464.52187998738134,465.44595061271855
2.4600000000000017,0.0506856138978,-0.0711520957133,15.990546206,0.019053860706,6.22492678155,0.0,0.298571881444,-0.0628211663376,4.51767378438,0.0496306453248,-0.0592685175522,0.0,420.98236903624047,422.0685130177437,423.46841154167635,423.62679196358613
2.520000000000002,0.0696200865234,-0.0745832652479,16.261241663,0.0217925043916,6.2213873207,0.0,0.332882320611,-0.0513054136662,4.5055252725,0.0361619910603,-0.0584419411489,0.0,420.3109552946242,420.3799418648149,421.27941687325597,420.11438250372146
2.580000000000002,0.0910854974535,-0.0771328055848,16.537778981,0.0239336243395,6.21762917659,0.0,0.383003729247,-0.0334447952731,4.71151516609,0.0347147720936,-0.0727170771536,0.0,488.44486886696654,487.37648960860196,487.7990331513361,487.6913765298649
2.640000000000002,0.115216972256,-0.0787186925975,16.8201324013,0.026387393349,6.21326475742,0.0,0.421753823131,-0.019221759341,4.70026971336,0.0510361130583,-0.0727868190598,0.0,422.6116377491977,422.6012283846752,422.1184803875666,423.52572294758494
2.700000000000002,0.14197087849,-0.0793208761021,17.1049377522,0.0300037229269,6.20899321563,0.0,0.47044954051,-0.000521375927859,4.792802624,0.074247777039,-0.0681818251124,0.0,455.4799582703876,455.8443735018993,455.14540696558737,457.00190253218096
2.760000000000002,0.171604324848,-0.0787755303146,17.3935763918,0.0341652467514,6.2047996846,0.0,0.517701195878,0.0190938454787,4.82827788006,0.0571505961202,-0.0735512579702,0.0,439.1156028914583,438.6660957565046,439.59637493371184,438.18079440239785
2.820000000000002,0.204043012784,-0.0770265900932,17.6829594429,0.0379483433587,6.20001056491,0.0,0.563979403836,0.0395147173215,4.81780658257,0.0728062816276,-0.0968781251309,0.0,424.2305836625416,422.2167949611845,424.8816046646729,426.2249172929893
2.880000000000002,0.239646784591,-0.0738457381774,17.975272928,0.0425749976146,6.19458875515,0.0,0.623347544083,0.0669577763569,4.92542513769,0.0845635899749,-0.0797789285262,0.0,461.4534364802134,462.79478361483837,461.23429473948255,462.1664497578362
2.940000000000002,0.27877351789,-0.068990740605,18.272394631,0.0476562658415,6.19100370988,0.0,0.681234055361,0.0953451658802,4.97831936872,0.0849349188837,-0.0358153238717,0.0,443.88883399798624,447.4793063913578,446.48607359657206,446.5222148132648
3.000000000000002,0.321224274527,-0.0624448271253,18.5704200026,0.0525844161979,6.18864218732,0.0,0.733982164562,0.123275779854,4.95589256415,0.0758544230716,-0.0476009096497,0.0,422.5540434733917,421.5357617006748,423.0087989362722,422.23182660815763
3.0600000000000023,0.36694990473,-0.0541023097247,18.8678174635,0.0572133603885,6.18645042654,0.0,0.790412717415,0.155206796346,4.95727709168,0.0796187813608,-0.0205077577464,0.0,429.7818990138792,432.0716214322327,429.18519796281197,429.5095659201619
3.1200000000000023,0.416293029922,-0.0436425302668,19.1673356802,0.0618230647105,6.18584817485,0.0,0.854402529795,0.193890736027,5.0262926658,0.0705686629232,0.0053366384564,0.0,451.3598637151847,453.4411819370914,451.77531374178193,451.04945946494075
3.1800000000000024,0.469723047494,-0.0306168885762,19.4734631236,0.0665024150022,6.18589757306,0.0,0.926497078015,0.240744592986,5.17721464891,0.0897550354067,-0.0102212077276,0.0,477.816584836174,476.6288905401929,477.0425375474831,478.5098022202118
3.2400000000000024,0.527196739004,-0.0148663248378,19.7857614967,0.0714947815781,6.18607477708,0.0,0.989267419325,0.284754559216,5.23240595102,0.0650202712921,0.0211187082569,0.0,448.47454818352645,451.01329597190073,451.07343283301105,449.0765527321684
3.3000000000000025,0.588417942459,0.00361168578544,20.1012913075,0.0761177103112,6.187456195,0.0,1.05127310695,0.331571778518,5.28495707519,0.0940649075882,0.026584154836,0.0,449.807998918597,450.25049374265285,448.27012519953126,450.62886108552874
3.3600000000000025,0.653355063078,0.025014223909,20.4202415571,0.0814556761233,6.18914689055,0.0,1.11309308897,0.382353766202,5.34636693212,0.0760818161152,0.0311892665275,0.0,453.26396827522115,453.6341606688558,453.55470021957933,452.11418787370206
3.4200000000000026,0.722049419786,0.0496392662037,20.7437758344,0.0863440656696,6.19116929026,0.0,1.1764607649,0.438921377433,5.43761461574,0.0905140857924,0.0383171068815,0.0,462.1684174580865,462.7303648949148,463.09747328382343,464.23648190080604
3.4800000000000026,0.794559150201,0.0778185513343,21.0734316397,0.0918407421335,6.19380380327,0.0,1.24019858749,0.50090633768,5.55029931831,0.0937185454893,0.0532342366464,0.0,470.26624793462724,471.4214340714419,470.13919458267213,470.3939968217857
3.5400000000000027,0.870786642165,0.10978851716,21.4093562036,0.0974920225509,6.19717051928,0.0,1.30031574159,0.565285625792,5.64664688676,0.0951101047092,0.0613202966364,0.0,466.4736198003987,467.1066955697452,466.8780069150737,466.9936343641432
3.6000000000000028,0.950715344536,0.145934273869,21.7530394194,0.10310878763,6.2003031713,0.0,1.36348043109,0.640119926861,5.80857009786,0.0904384596219,0.0192558749461,0.0,488.36740756735287,485.22048514034344,488.12325484125535,487.7809996958678
3.660000000000003,1.03410495689,0.186364203185,22.1032551546,0.108242180356,6.20098985173,0.0,1.41602902088,0.708015280843,5.86489910031,0.0733734185123,-0.0126741894054,0.0,458.73716669066084,456.1941278062042,458.3496583876971,456.9968546765127
3.720000000000003,1.12051506336,0.230801957925,22.4553653144,0.112656647785,6.20021099279,0.0,1.46435198802,0.773619483397,5.87195907399,0.0739733109188,-0.0136017240733,0.0,443.1099939975453,443.03384050661805,442.7151351439837,442.76873523728875
3.780000000000003,1.20986022578,0.279288924473,22.8081914821,0.116985403771,6.19990038344,0.0,1.51383721055,0.842986100018,5.88871093499,0.0682171693385,0.0078416825153,0.0,445.891910639134,447.64071212084565,446.0908674066688,445.6244791925549
3.840000000000003,1.30201189247,0.331788970847,23.1601022489,0.121255012708,6.20059577231,0.0,1.55783176584,0.907371093324,5.84179783852,0.0764748829059,0.0181930890495,0.0,425.18129185102305,426.0673005408245,426.09883282823546,426.8084456973601
3.900000000000003,1.39719686996,0.388828956554,23.5141336896,0.125390742739,6.20124949771,0.0,1.61482209465,0.994338315308,5.95851673024,0.046217343301,-0.0106173507782,0.0,477.7455497765567,475.54329295862124,478.7684679917962,476.4633785810225
3.960000000000003,1.49565637186,0.450963718239,23.8735552668,0.128376899814,6.2011178712,0.0,1.66714043317,1.07704008582,6.02174773638,0.0560630877008,0.0108233444665,0.0,461.436075938608,463.1259401919342,462.24049909009335,463.01732400408633
4.020000000000002,1.59693235682,0.517623902556,24.2329376821,0.132190524595,6.20147155773,0.0,1.70868383099,1.14527675713,5.95790642671,0.0754250178068,-0.00644901209072,0.0,422.52776578011697,421.0356314316432,422.6705210893202,424.3393541662138
4.080000000000001,1.7009370891,0.588833908538,24.5914263891,0.136699125275,6.20131547099,0.0,1.75812127784,1.22876287436,5.99139307489,0.0745742929616,0.00415681718106,0.0,453.85335206787954,454.7040193248762,453.1979252938507,453.13383757999804
4.14,1.80772741871,0.664839849914,24.9497774009,0.140923602911,6.20181984437,0.0,1.80150992581,1.30513287962,5.95371443088,0.0604079124329,0.0157794804485,0.0,430.389859637831,431.37256639792076,432.81200668552145,431.62168312166375
4.199999999999998,1.91734352837,0.745907130076,25.3087589306,0.144945730896,6.20311368937,0.0,1.85218966987,1.39741117901,6.01189293035,0.0777722114847,0.0311608277995,0.0,461.0559344597918,462.2698143666172,461.4592137839766,462.83125941606033
4.259999999999997,2.02983440986,0.83235202115,25.6695974474,0.149682356889,6.20554645031,0.0,1.89727127838,1.48447291824,6.01590877176,0.0811882468131,0.054696399295,0.0,444.4111421164304,446.3373217683885,446.1838529949003,446.4676638539824
4.319999999999996,2.1449833505,0.924118305556,26.0307664532,0.154426116001,6.20859616872,0.0,1.94069819834,1.57479937362,6.02289852188,0.074434040802,0.0416854936059,0.0,446.9149638857537,445.854586261833,448.09634088630025,447.5517534633854
4.379999999999995,2.26240418903,1.02081448999,26.388699099,0.158844224201,6.21087153787,0.0,1.97316654619,1.64878969124,5.90869660847,0.0719884098754,0.029074140473,0.0,407.8534505135941,406.72604935406855,406.8833452780594,406.6690486251802
4.439999999999993,2.38169415588,1.12191720494,26.7392003413,0.162919682421,6.21242670578,0.0,2.00306793583,1.72166837555,5.77527012378,0.0582213667392,0.0187171942032,0.0,399.836292557577,398.891576170335,399.40496330871736,398.1510546919241
4.499999999999992,2.50307067832,1.22817774688,27.086142721,0.166906272755,6.21408875315,0.0,2.04264442725,1.82063693484,5.7892585862,0.0792092222239,0.0413842532259,0.0,447.8087964120611,449.64941541524,445.25897465770817,446.97620895331215
4.559999999999991,2.62690972098,1.34076067653,27.4357609501,0.171705789556,6.21656303651,0.0,2.08500786817,1.932490588,5.86411815296,0.0815122515414,0.0409441263318,0.0,467.65985403792024,467.6263695764817,466.03757362961585,466.2223975201275
4.6199999999999894,2.75316185604,1.45995968577,27.7887868853,0.176384366807,6.21873560459,0.0,2.12312150954,2.04117599764,5.90303255873,0.0697575896038,0.0244850513963,0.0,457.10355474217846,455.790292229407,457.9134871781589,456.9818665924844
4.679999999999988,2.88179654,1.5861467341,28.1462917786,0.180880237069,6.22061439533,0.0,2.16444473851,2.16535102086,6.01300338854,0.0836620048909,0.0423174454526,0.0,478.70929608510437,480.06483063503657,478.92298045148254,479.98348220203906
4.739999999999987,3.01267662471,1.71934161847,28.5074734206,0.1861707375,6.22292513153,0.0,2.19795776377,2.27487441721,6.0261210581,0.0959392934,0.0295444037312,0.0,451.38818979062745,450.35668417146184,451.2041014013567,452.2006708664166
4.799999999999986,3.14553592253,1.85924685687,28.869676445,0.191649832194,6.22417289982,0.0,2.23048982669,2.38906215397,6.04697071374,0.0799544330969,-0.00922389265158,0.0,455.5959537020102,452.48496650974846,455.2392146874445,453.9647700450985
4.859999999999984,3.28023449101,2.00579684423,29.2315926373,0.196153220051,6.22433982937,0.0,2.25945223492,2.49628708185,6.01684383729,0.0628206164513,0.0197833923995,0.0,437.4273161641969,439.83684976096595,439.48558359961186,438.06720829544975
4.919999999999983,3.4166546974,2.15883198126,29.5916270636,0.199520769447,6.22514705005,0.0,2.28777555766,2.6051446258,5.98429467297,0.0373267066913,-0.00386656299755,0.0,438.5297982801394,436.5603186916922,439.5043647918255,437.3878328418779
4.979999999999982,3.55502546931,2.31934758365,29.9541795381,0.201666152426,6.22519860704,0.0,2.32452147357,2.74538259955,6.09993167198,0.0324154433944,0.00894406995007,0.0,483.735369822065,484.6992819998546,484.2489535824424,483.87974285256286
5.0399999999999805,3.69550964288,2.48802735503,30.3222812781,0.203871719073,6.22649229218,0.0,2.35812565208,2.87730672208,6.16954445962,0.0442738225065,0.039177520244,0.0,471.18172796177913,473.51380843021576,471.2170601156609,472.13359577658366
5.099999999999979,3.83792887174,2.66450042465,30.6938014357,0.206330772998,6.22854514555,0.0,2.38891193646,3.00522471692,6.2140256956,0.0334264085171,0.0217626176747,0.0,466.08385813347667,464.7208892131506,466.000518733444,465.1524012908154
5.159999999999978,3.98186141852,2.84758373635,31.0627552734,0.208589292326,6.23026438526,0.0,2.40873738774,3.097759719,6.08503927003,0.0449623122959,0.0397412681031,0.0,408.8155368953347,410.41512975561216,408.7034756272506,409.7314471612597
5.219999999999977,4.12698198055,3.03636286322,31.4245538722,0.211677242556,6.23277512205,0.0,2.42842983578,3.19512123775,5.97538574568,0.0620387432179,0.0457520928197,0.0,414.35984188672415,414.88914324682855,414.2002388165126,415.701579109358
5.279999999999975,4.27333448848,3.23141695103,31.7816250712,0.215395243947,6.23536890167,0.0,2.44974068597,3.30693678419,5.92707061636,0.0618222587461,0.0376376661675,0.0,434.59823045572006,433.91847121233354,434.8437722207608,434.8284826743678
5.339999999999974,4.42079036051,3.4326513409,32.1331724962,0.218961492448,6.23774506885,0.0,2.46529453469,3.40118071499,5.7917603007,0.0541839446365,0.0432678785193,0.0,403.9751024903128,404.4835676547315,405.1418181526117,404.45711629934215
5.399999999999973,4.56912343893,3.63949507212,32.4762487478,0.222820451004,6.24021850384,0.0,2.47897118721,3.49391504339,5.64475428964,0.0793108370761,0.0367872005912,0.0,398.8492663185435,398.2578863854174,398.17855697346283,400.47466076486324
5.4599999999999715,4.71863050838,3.85398585716,32.8194867215,0.227448028181,6.24290438584,0.0,2.5042450447,3.65597720175,5.795389933,0.0723569202815,0.0572324047854,0.0,493.05619561002135,494.56554483227086,493.95819531960893,493.44906816947594
5.51999999999997,4.86954938459,4.07810154935,33.170956456,0.231532062515,6.24667226471,0.0,2.52592100792,3.81469847596,5.9193038732,0.057703375824,0.0720860550188,0.0,487.1165179613136,488.2286668951504,489.042679629188,487.95272927964845
5.579999999999969,5.02139659031,4.31001232874,33.5222567649,0.235727208989,6.25110518303,0.0,2.53532847828,3.91597105641,5.79125689794,0.0871262952891,0.0772496600787,0.0,408.5321912018866,408.99724092923384,407.84616973360437,410.4703284425769
5.639999999999968,5.1740053503,4.55005869727,33.8742197354,0.241709361107,6.25586649243,0.0,2.55103084703,4.08584970919,5.93966309799,0.117268428437,0.0832624475543,0.0,495.07310131669243,495.51973010617616,495.99417590920086,498.2104345907917
5.699999999999966,5.3273670361,4.79976849167,34.2324356694,0.248664448273,6.26109201028,0.0,2.56046386436,4.23825256763,6.00014788209,0.11307346738,0.0938177894303,0.0,472.347664861231,473.16689982497115,472.0612052308768,471.7484647854635
5.759999999999965,5.48111651532,5.05799805459,34.5913492299,0.255129981131,6.26672858214,0.0,2.56400368164,4.36984939708,5.96352753306,0.0941593063583,0.0941916641855,0.0,443.876559971298,443.9147342570287,442.984648431095,441.4362772724345
5.819999999999964,5.6350105905,5.32481834329,34.950377038,0.261279748851,6.27294147716,0.0,2.56517715169,4.52448589807,6.00349050023,0.115399005369,0.117659311532,0.0,467.9264706039327,469.75870431954235,465.7322795894484,467.39932759298364
5.879999999999963,5.78885219592,5.60135212994,35.3130294323,0.267751501762,6.28039882239,0.0,2.56207757296,4.69367646632,6.08404618106,0.0852134443607,0.135024221746,0.0,481.02149055694974,482.3475482838797,482.2107882920189,479.9334304923527
5.939999999999961,5.94233694646,5.88759599926,35.6785215404,0.27277902376,0.00489027342177,0.0,2.55329735723,4.84802996524,6.09863211091,0.080787913441,0.107490904384,0.0,463.12418137260465,460.9667486944248,463.5559012645225,463.2133305081041
5.99999999999996,6.09516927311,6.18218360978,36.0413746984,0.277439227877,0.0107399214617,0.0,2.54059754269,4.97187725502,5.99681220242,0.0705680714275,0.0495826265505,0.0,427.5351048442548,422.5780757417265,425.9566078034869,425.0865253720696
6.059999999999959,6.24712663458,6.48498402218,36.4007116914,0.281788715709,0.0132539046253,0.0,2.52439768507,5.12163313779,5.98083322203,0.0760827944842,0.0184752395686,0.0,454.86666163063813,452.3687882540951,452.51313660283586,452.9609131956724
6.1199999999999575,6.39812054445,6.79584212891,36.7557248376,0.286078814533,0.0145927666238,0.0,2.50864737682,5.24059250818,5.85336444713,0.0602582506314,0.029058501319,0.0,415.9619686741025,416.8880862769983,416.72252452590584,415.3407672460727
6.179999999999956,6.54808884719,7.1150280916,37.1070313168,0.290375050999,0.0163423381967,0.0,2.49014826227,5.39902945803,5.8564589676,0.0879126436966,0.0293607818408,0.0,459.2735529972724,459.29775211483565,457.62413842135356,459.82427677791895
6.239999999999955,6.69693220744,7.44349143359,37.45758444,0.29567292789,0.0181012723495,0.0,2.47115496749,5.5499754145,5.82838348225,0.0890571143165,0.0292250053339,0.0,450.6947527427051,450.68401745085174,448.9713824035015,449.07064309551527
6.299999999999954,6.84454768215,7.7820027992,37.8094936282,0.30096791869,0.0199311377479,0.0,2.4492014014,5.73383884166,5.90098705892,0.0865855366687,0.0329285359623,0.0,481.8235406247462,482.1037473597598,482.52564774939793,482.34477805751754
6.359999999999952,6.99088928231,8.13043294178,38.1619354377,0.305605853032,0.0221854481407,0.0,2.42868280969,5.88071664495,5.84697212017,0.0426706788173,0.0455326081062,0.0,442.5804840118583,443.61761386698595,446.44676356199903,442.8522497386659
6.419999999999951,7.13593956869,8.48798341421,38.5120119702,0.308181414675,0.0244049354307,0.0,2.4061091296,6.03758599512,5.82207564133,0.0434317524117,0.00846239223888,0.0,455.37099448611366,452.39557124071763,453.1473658436161,453.2095333116422
6.47999999999995,7.27968002747,8.85402655225,38.8577050364,0.311350313548,0.0250770306371,0.0,2.38520519342,6.16397424167,5.70143681928,0.0669618381697,0.0161831862549,0.0,420.18638970009505,420.8552879678083,421.7341311278718,423.7641485262878
6.5399999999999485,7.42204432248,9.22905271707,39.2004805018,0.315154614311,0.0258327842306,0.0,2.36022011649,6.33687292105,5.72383297766,0.0551280247789,0.00423091475675,0.0,468.92142245742775,467.9916573753816,468.6700761352492,467.7518280484599
6.599999999999947,7.56298470233,9.61347724058,39.5415313708,0.318056013874,0.0261030867263,0.0,2.33779037247,6.47733229473,5.64464596182,0.0292304068437,0.00504776422829,0.0,436.0930625040382,436.16122618266445,437.57018088796167,435.40964966338265
6.659999999999946,7.70253941027,10.0067992838,39.8792812947,0.319580626244,0.0262795619735,0.0,2.31403832608,6.63323953128,5.61356477139,0.0163987991111,-0.00164540535037,0.0,452.4763912507244,451.9370264005279,452.339341563962,451.3046366522326
6.719999999999945,7.8405907687,10.4104090586,40.2180750423,0.321345731775,0.0267272315023,0.0,2.28769480408,6.82004609278,5.67881947052,0.0474302460479,0.0212909993454,0.0,481.70342615305,483.435163164224,481.85518534857647,484.1961537466863
6.779999999999943,7.9770210171,10.8255743806,40.5618603266,0.323958945604,0.0280220144181,0.0,2.25988711746,7.01848031027,5.77962701089,0.0343843513167,0.022150933545,0.0,495.2042038628732,495.2674242681939,495.5851181469448,494.62586616022253
6.839999999999942,8.11193525076,11.2506316151,40.9057009616,0.326555022782,0.0301783762668,0.0,2.23711781727,7.15010235842,5.6820328133,0.0568318822006,0.0546891077816,0.0,431.9412607175754,434.6780565699688,433.612395204178,435.4957093194321
6.899999999999941,8.24540447085,11.6840206101,41.2449990217,0.329953280831,0.0332991257507,0.0,2.21159500491,7.29620582793,5.6278654028,0.0562464415994,0.0460376355038,0.0,448.8292664866302,448.1280596372604,447.46029295791243,447.4147814746236
6.95999999999994,8.37736991502,12.1254377802,41.5788837917,0.334023860102,0.0359970912677,0.0,2.18705064323,7.4178529446,5.50204844084,0.0844147229217,0.0427326601168,0.0,423.56222365498286,423.2790728225994,422.52383665581266,424.94963106950706
7.019999999999938,8.50772887993,12.5750397415,41.9077329433,0.338973564557,0.0383693514337,0.0,2.15805680408,7.56897955443,5.45935795468,0.0783520598341,0.0322303003643,0.0,452.12659780584755,451.280149757086,450.71471657466697,450.2297347355682
7.079999999999937,8.6364434882,13.0326090726,42.2308126348,0.344098366056,0.0404035641156,0.0,2.13228970421,7.68358377753,5.31045563699,0.0967171913963,0.0370553467775,0.0,415.4254711061038,415.8490369855611,413.48134046207696,415.1030965100356
7.139999999999936,8.76350573126,13.4977322493,42.5467820547,0.349444927049,0.0437408863906,0.0,2.10289857502,7.82072355001,5.22189079001,0.066091283824,0.0784595690609,0.0,432.9481918079315,436.4208273285631,436.8837614159206,434.32834112526183
7.1999999999999345,8.88871153615,13.9713827734,42.8581880929,0.353602802541,0.0482064012947,0.0,2.07025603592,7.96765584161,5.15827692429,0.0750406687659,0.0648088981048,0.0,444.80729795142594,443.6919288193168,442.30028474427047,443.0405815296593
7.259999999999933,9.01170228687,14.4551796977,43.1693413289,0.358141591905,0.0518444745806,0.0,2.02911026692,8.15874894232,5.21260692817,0.0768307431617,0.0506098896925,0.0,481.7303883668212,480.6574843608454,482.5195765274491,482.65873452931555
7.319999999999932,9.13219913506,14.9501840246,43.4829711261,0.363116574813,0.0548168489389,0.0,1.98721783922,8.34128980195,5.2409595327,0.0929228872213,0.0473088854557,0.0,476.12521825453985,475.8738806439822,474.6116357016622,475.85047735524404
7.379999999999931,9.25048327156,15.4538993322,43.7923048722,0.368939906664,0.057498668023,0.0,1.9553909485,8.44952794326,5.0707366023,0.104246459739,0.0388833211911,0.0,410.0878224788571,409.3397705730366,409.18769990303826,410.2037267847955
7.439999999999929,9.36666382603,15.9651522476,44.0940598035,0.375071993212,0.0595084925373,0.0,1.91714666691,8.59241302619,4.987664577,0.0977648394188,0.0196417875765,0.0,439.16600539991276,437.56702621730153,440.8662486290748,440.3393456745929
7.499999999999928,9.48048596503,16.485261868,44.391447257,0.380679434877,0.0607585600619,0.0,1.8768670186,8.74466293584,4.92501909315,0.0830436524001,0.0231188422691,0.0,446.11396527388337,446.3978631222254,447.7194103799854,446.5269487069236
7.559999999999927,9.59175827312,17.0152475955,44.6868497745,0.385758370543,0.0625758808562,0.0,1.8321259028,8.92143021644,4.92112694257,0.0876784406501,0.041737531349,0.0,465.7870446982749,467.2415113040274,466.7047737302384,467.0719737804423
7.6199999999999255,9.70037164006,17.5555247694,44.9811688769,0.391198393904,0.0648530321385,0.0,1.78816093977,9.08778229198,4.88907481534,0.0960555258369,0.0290412037313,0.0,459.60952603054005,458.6024790901376,458.10188272953263,458.7743023201856
7.679999999999924,9.8063377642,18.105677468,45.2732270164,0.397072093411,0.0663224486489,0.0,1.74395865376,9.25065778456,4.84578909392,0.101338600595,0.013333540551,0.0,456.5401383851389,455.2847886885929,455.94911916769394,456.37905889043816
7.739999999999923,9.90980186153,18.6646678845,45.5603715184,0.40319140316,0.0673843930832,0.0,1.70479845615,9.38253280586,4.72581061253,0.103256586156,0.0252469156527,0.0,430.4428225017881,431.4501227267377,429.98424675284593,430.15614735108096
7.799999999999922,10.010985361,19.2311305329,45.8392262182,0.409957688571,0.0687005032034,0.0,1.66789211434,9.49982322298,4.56969081579,0.127063655677,0.0143168657406,0.0,418.1296797836989,417.17608739141224,415.6223244617629,417.7162840740538
7.85999999999992,10.1098235962,19.8053615024,46.1103149929,0.417356288693,0.069465482289,0.0,1.62669210952,9.64142550018,4.46646826355,0.114494585264,0.00941505652392,0.0,436.1825013010082,435.7726917856892,435.7048269900191,434.666426333128
7.919999999999919,10.2061765241,20.3881869394,46.3753194095,0.424601907787,0.0699291627967,0.0,1.58507417024,9.7862480686,4.366869604,0.131008459176,0.00412019350416,0.0,437.55162965395454,437.1103422649763,436.25772590824107,437.64814380107936
7.979999999999918,10.3001790944,20.9788838711,46.6324313341,0.432851114922,0.0708078317006,0.0,1.54831475569,9.9039876177,4.20377036679,0.148019240075,0.0300777065587,0.0,413.2935465984675,415.57586916907894,413.7215257721984,415.2358611850706
8.039999999999917,10.3919141605,21.5770050175,46.880421407,0.441651312014,0.0724119257963,0.0,1.5094207045,10.0337146912,4.06258020606,0.143828416882,0.0190339908227,0.0,423.17127795358067,422.2194180971996,421.6902306991271,421.34935613317447
8.099999999999916,10.4810511046,22.1844328073,47.1230153996,0.449864136096,0.0738950016633,0.0,1.46177455669,10.2139581052,4.02314330566,0.117011083792,0.0341743595574,0.0,458.26330441678624,459.46566043117366,458.6512987222004,456.5320929752729
8.159999999999915,10.5671915959,22.8034096885,47.3646075017,0.456561870244,0.0760784694604,0.0,1.40947467751,10.4184238517,4.02895597843,0.0978005299637,0.0404912047069,0.0,475.3961710993022,475.88059321059933,475.04472514086626,473.5789253201296
8.219999999999914,10.6506252664,23.4319922634,47.6010454491,0.462403764701,0.0787337651475,0.0,1.37147134676,10.5345135742,3.85278289127,0.0964798121824,0.05088076015,0.0,411.94684901539114,412.86614196768215,412.7069133935251,412.59919252186006
8.279999999999912,10.7315560565,24.0686126872,47.8290799033,0.467612071066,0.081743887063,0.0,1.32602113529,10.6861396245,3.74830843539,0.0474133268269,0.0487056629928,0.0,437.51835770183544,437.33879007798174,440.64796044619817,436.5770312577055
8.339999999999911,10.8094002715,24.7160497196,48.0542946651,0.470402651076,0.085326770149,0.0,1.26856542944,10.8944932587,3.75819204214,0.0446387779462,0.0756675259658,0.0,476.4526293618241,478.5122552253837,477.535462136695,477.32482219266495
8.39999999999991,10.8842176508,25.3733680468,48.2750663555,0.473100910402,0.089760857355,0.0,1.22502218513,11.0160419003,3.60144989492,0.0456270673954,0.0701144323506,0.0,419.4783476255317,419.0002733845633,420.779532170777,420.86639767079816
8.459999999999908,10.9561177915,26.0391679019,48.4889003252,0.475971117738,0.0946619752228,0.0,1.17131276236,11.1769492072,3.52632282184,0.0519243797899,0.098228744325,0.0,446.8622144304671,449.15398695799155,448.76565863817666,449.2780541924046
8.519999999999907,11.0249018134,26.7136759724,48.6965152684,0.479166948344,0.101066152286,0.0,1.12103708222,11.3065236657,3.39454462898,0.0558156001083,0.119845215452,0.0,427.2281891433078,429.0781803910414,427.7054139995631,428.0387907953678
8.579999999999906,11.0907893508,27.3949539913,48.8944147858,0.482703343117,0.108422370815,0.0,1.0747078451,11.4028218679,3.20289516568,0.0645502272379,0.127612541575,0.0,404.3035999640697,405.01825751561086,403.19110119416854,403.9825698800737
8.639999999999905,11.1536202886,28.082752226,49.082352398,0.486464356528,0.116135383135,0.0,1.01910549455,11.5237165022,3.06206589954,0.0586632423419,0.13036066529,0.0,422.15443807213086,422.4076310548578,421.7158490271207,421.20991974557575
8.699999999999903,11.2131031783,28.7773884607,49.2611631824,0.489689950621,0.124103180672,0.0,0.963099726707,11.6307933887,2.89886001731,0.0415038934284,0.137266133831,0.0,411.72412907632065,412.35254892685276,413.2759249471501,411.7622319314951
8.759999999999902,11.2688691703,29.479335309,49.4319829697,0.492079112196,0.132650053381,0.0,0.895143482454,11.767138811,2.79534026291,0.0362184082794,0.151185833368,0.0,432.319432814593,433.5104330654133,434.2633798096684,433.8204905554634
8.8199999999999,11.3203403721,30.1897047215,49.597200695,0.494302910252,0.141732255348,0.0,0.819880057053,11.9114558546,2.71199538988,0.0387013219262,0.151735454028,0.0,440.1194042587683,440.186722356523,440.54013112830654,440.7461038234986
8.8799999999999,11.3668143991,30.9097847187,49.7595253122,0.496618182475,0.150617638945,0.0,0.728558147187,12.0905861651,2.69837690941,0.0383600528549,0.139576068623,0.0,465.09905025072675,464.1648936927909,465.6691280889959,465.6430766741358
8.939999999999898,11.4078266979,31.6400112907,49.9200675941,0.498596802315,0.158793808898,0.0,0.637907369597,12.2497692687,2.6528204061,0.0191324694934,0.128674014832,0.0,455.82786083740416,454.972136766683,455.23871549062216,453.697453722096
8.999999999999897,11.4435872928,32.3787661652,50.0761722472,0.499893616694,0.166555649252,0.0,0.553550329067,12.3749988363,2.55095016069,0.0261633745734,0.130708072293,0.0,435.0567897904486,435.24282503120287,434.06312004272877,434.6529786824631
9.059999999999896,11.4737016379,33.1262882503,50.2286548116,0.501324806548,0.174275315287,0.0,0.449706116617,12.5417235658,2.53145050932,0.0187788787956,0.124221009511,0.0,464.14853057254226,463.6533339671642,464.3490546800612,463.76925751323
9.119999999999894,11.4982773226,33.8815015173,50.3759376495,0.502291329677,0.182208459197,0.0,0.368921095226,12.6318430403,2.37864021832,0.0101479116604,0.144704135011,0.0,415.1597753046558,416.97083396988523,414.9168220261574,414.158035659569
9.179999999999893,11.5174285574,34.6432605785,50.5163420314,0.50263666317,0.191081626868,0.0,0.268811641484,12.759588365,2.30165753827,-0.00492221406867,0.153585547316,0.0,443.01377988137955,443.7641884614835,442.23126367892525,440.987690514976
9.239999999999892,11.5305364288,35.4123324612,50.65172934,0.501998179077,0.200381280067,0.0,0.167430599281,12.8755934469,2.2115777222,-0.0256652261537,0.157669097465,0.0,437.22284835296557,437.58615510899983,437.7705551938435,436.04061009517153
9.29999999999989,11.5379608888,36.1869763942,50.7794670488,0.500499966627,0.210708301009,0.0,0.0793007053949,12.9455636104,2.04728786927,-0.0236153669625,0.191463652419,0.0,405.98287619291096,409.03514271100227,407.13647754086156,407.3197469809007
9.35999999999989,11.5386342326,36.9686462843,50.9028213134,0.499357941354,0.222136933074,0.0,-0.0577453208994,13.1090582745,2.06412815309,-0.011163267094,0.188430885505,0.0,472.9790955596268,472.77831916727405,472.0466332117416,473.00689545413064
9.419999999999888,11.5311813596,37.7593453562,51.0260465927,0.498245986195,0.233808985567,0.0,-0.191551505453,13.2467319083,2.04319535183,-0.0403857942826,0.204556381957,0.0,460.6951369092291,462.0039070846671,460.5865514438274,458.26880722449175
9.479999999999887,11.5157037134,38.5577537411,51.1473086483,0.495668427236,0.24617376434,0.0,-0.325321580492,13.3660036211,1.99899372124,-0.048677737893,0.208959500641,0.0,452.25641066908827,452.6519036364677,452.3792797064417,451.7098787661017
9.539999999999885,11.4912564151,39.3645416889,51.2685431404,0.492378098563,0.258527841011,0.0,-0.490557870492,13.5256246604,2.04168145035,-0.0714924676658,0.198963756392,0.0,483.26486519125575,482.5484927495054,483.2407597775934,481.51547921086984
9.599999999999884,11.457390054,40.1794183826,51.3899781452,0.488330715274,0.271096190892,0.0,-0.639283734995,13.6359043194,2.00632830757,-0.0604112495952,0.224867827751,0.0,454.7636059161311,456.8756658232793,455.9714065417044,456.8527727426864
9.659999999999883,11.4151030231,40.9995293605,51.507098892,0.484396383633,0.284399971824,0.0,-0.771326930514,13.700471663,1.89832346299,-0.0786645271716,0.214585183331,0.0,429.6716353510738,428.84922588134503,428.7007689092213,427.1429020523391
9.719999999999882,11.364444491,41.8237537057,51.6185888898,0.479942837764,0.297215496379,0.0,-0.918299442147,13.7728405689,1.81848069613,-0.0665715128452,0.211531855644,0.0,438.71577509080635,438.50777604151585,436.322840145161,437.32714454061914
9.77999999999988,11.3045799682,42.65243232,51.7259091013,0.475802630103,0.309935980032,0.0,-1.07816159432,13.8489049555,1.75910522068,-0.0743716697762,0.21294220709,0.0,444.17371631927153,444.33372566167486,444.8111260388007,444.1680499854949
9.839999999999879,11.2353406252,43.4849059622,51.8285703486,0.471166366381,0.323264554874,0.0,-1.23084088235,13.8994762868,1.66344415233,-0.0838081485523,0.236061310875,0.0,429.133497169151,431.14207142264473,430.1298000678895,429.32461832118076
9.899999999999878,11.1558454166,44.3214391961,51.9279124967,0.465866554235,0.33806277495,0.0,-1.42012619522,13.9838099388,1.64788361805,-0.0993904996791,0.262101421844,0.0,457.52513080598055,459.65216193049474,459.5461252732828,458.3025656396356
9.959999999999877,11.065787587,45.1614888171,52.0237048247,0.460138814487,0.353314939864,0.0,-1.58303341728,14.0170365332,1.54573093059,-0.0885845406635,0.229706555154,0.0,428.1571857197669,425.45772618633845,425.1931226934387,426.1099348494841
10.019999999999875,10.964773771,46.0044974652,52.1157455967,0.454750624385,0.367242824079,0.0,-1.78514392853,14.082146209,1.52220409439,-0.0923572663457,0.236578527001,0.0,453.9499209007203,454.55346142664894,455.6835508045134,455.3752413727546
